R	T
1.943	13.94
1.951	14.19
1.958	14.45
1.974	14.72
1.982	14.99
2.000	15.26
2.008	15.54
2.024	15.83
2.040	16.12
2.056	16.42
2.072	16.72
2.088	17.02
2.105	17.33
2.127	17.65
2.152	17.98
2.169	18.31
2.198	18.64
2.224	18.98
2.247	19.33
2.277	19.69
2.307	20.05
2.337	20.41
2.374	20.79
2.412	21.17
2.450	21.56
2.492	21.95
2.539	22.36
2.586	22.77
2.633	23.18
2.682	23.61
2.739	24.04
2.793	24.48
2.860	24.93
2.921	25.39
2.979	25.85
3.046	26.33
3.119	26.73
3.189	27.14
3.269	27.63
3.347	28.14
3.427	28.57
3.509	29.01
3.593	29.54
3.708	30.08
3.786	30.57
3.887	31.00
3.980	31.48
4.064	31.89
4.161	32.35
4.271	32.74
4.373	33.24
4.460	33.64
4.573	34.16
4.682	34.57
4.806	35.00
4.931	35.58
5.105	36.29
5.227	36.73
5.365	37.18
5.522	37.86
5.654	38.32
5.804	38.79
5.974	39.50
6.117	39.98
6.263	40.47
6.429	40.96
6.622	41.71
6.775	42.14
6.937	42.65
7.103	43.17
7.272	43.70
7.446	44.32
7.623	44.77
7.805	45.31
7.992	45.87
8.183	46.42
8.378	46.99
8.578	47.56
8.783	48.24
8.981	48.68
9.231	49.42
9.507	50.33
9.728	50.84
9.960	51.46
10.198	52.09
10.441	52.83
10.691	53.47
10.946	54.12
11.207	54.78
11.475	55.45
11.780	56.13
12.061	56.98
12.316	57.73
12.610	58.44
12.911	59.15
13.202	59.81
13.571	60.72
13.968	61.84
14.339	62.59
14.642	63.61
14.992	64.51
15.390	65.30
15.840	66.50
16.261	67.31
16.781	68.54
17.249	69.59
17.626	70.43
18.011	71.51
18.520	73.15
18.952	74.15
19.384	75.15
19.815	76.15
20.247	77.15
20.677	78.15
21.108	79.15
21.538	80.15
21.967	81.15
22.397	82.15
22.826	83.15
23.254	84.15
23.682	85.15
24.11	86.15
24.538	87.15
24.965	88.15
25.392	89.15
25.819	90.15
26.245	91.15
26.671	92.15
27.096	93.15
27.522	94.15
27.947	95.15
28.371	96.15
28.796	97.15
29.22	98.15
29.643	99.15
30.067	100.15
30.49	101.15
30.913	102.15
31.335	103.15
31.757	104.15
32.179	105.15
32.601	106.15
33.022	107.15
33.443	108.15
33.864	109.15
34.284	110.15
34.704	111.15
35.124	112.15
35.543	113.15
35.963	114.15
36.382	115.15
36.8	116.15
37.219	117.15
37.637	118.15
38.055	119.15
38.472	120.15
38.889	121.15
39.306	122.15
39.723	123.15
40.14	124.15
40.556	125.15
40.972	126.15
41.388	127.15
41.803	128.15
42.218	129.15
42.633	130.15
43.048	131.15
43.462	132.15
43.876	133.15
44.29	134.15
44.704	135.15
45.118	136.15
45.531	137.15
45.944	138.15
46.356	139.15
46.769	140.15
47.181	141.15
47.593	142.15
48.005	143.15
48.416	144.15
48.828	145.15
49.239	146.15
49.65	147.15
50.06	148.15
50.471	149.15
50.881	150.15
51.291	151.15
51.7	152.15
52.11	153.15
52.519	154.15
52.928	155.15
53.337	156.15
53.746	157.15
54.154	158.15
54.562	159.15
54.97	160.15
55.378	161.15
55.786	162.15
56.193	163.15
56.6	164.15
57.007	165.15
57.414	166.15
57.821	167.15
58.227	168.15
58.633	169.15
59.039	170.15
59.445	171.15
59.85	172.15
60.256	173.15
60.661	174.15
61.066	175.15
61.471	176.15
61.876	177.15
62.28	178.15
62.684	179.15
63.088	180.15
63.492	181.15
63.896	182.15
64.3	183.15
64.703	184.15
65.106	185.15
65.509	186.15
65.912	187.15
66.315	188.15
66.717	189.15
67.12	190.15
67.522	191.15
67.924	192.15
68.325	193.15
68.727	194.15
69.129	195.15
69.53	196.15
69.931	197.15
70.332	198.15
70.733	199.15
71.134	200.15
71.534	201.15
71.934	202.15
72.335	203.15
72.735	204.15
73.134	205.15
73.534	206.15
73.934	207.15
74.333	208.15
74.732	209.15
75.132	210.15
75.53	211.15
75.929	212.15
76.328	213.15
76.726	214.15
77.125	215.15
77.523	216.15
77.921	217.15
78.319	218.15
78.717	219.15
79.114	220.15
79.512	221.15
79.909	222.15
80.306	223.15
80.703	224.15
81.1	225.15
81.497	226.15
81.894	227.15
82.29	228.15
82.687	229.15
83.083	230.15
83.479	231.15
83.875	232.15
84.271	233.15
84.666	234.15
85.062	235.15
85.457	236.15
85.853	237.15
86.248	238.15
86.643	239.15
87.038	240.15
87.433	241.15
87.827	242.15
88.222	243.15
88.616	244.15
89.01	245.15
89.404	246.15
89.799	247.15
90.192	248.15
90.586	249.15
90.98	250.15
91.373	251.15
91.767	252.15
92.16	253.15
92.553	254.15
92.946	255.15
93.339	256.15
93.732	257.15
94.124	258.15
94.517	259.15
94.909	260.15
95.302	261.15
95.694	262.15
96.086	263.15
96.478	264.15
96.87	265.15
97.261	266.15
97.653	267.15
98.044	268.15
98.436	269.15
98.827	270.15
99.218	271.15
99.609	272.15
100	273.15
100.391	274.15
100.781	275.15
101.172	276.15
101.562	277.15
101.953	278.15
102.343	279.15
102.733	280.15
103.123	281.15
103.513	282.15
103.903	283.15
104.292	284.15
104.682	285.15
105.071	286.15
105.46	287.15
105.849	288.15
106.238	289.15
106.627	290.15
107.016	291.15
107.405	292.15
107.794	293.15
108.182	294.15
108.57	295.15
108.959	296.15
109.347	297.15
109.735	298.15
110.123	299.15
110.51	300.15
110.898	301.15
111.286	302.15
111.673	303.15
112.06	304.15
112.447	305.15
112.835	306.15
113.221	307.15
113.608	308.15
113.995	309.15
114.382	310.15
114.768	311.15
115.155	312.15
115.541	313.15
115.927	314.15
116.313	315.15
116.699	316.15
117.085	317.15
117.47	318.15
117.856	319.15
118.241	320.15
118.627	321.15
119.012	322.15
119.397	323.15
119.782	324.15
120.167	325.15
120.552	326.15
120.936	327.15
121.321	328.15
121.705	329.15
122.09	330.15
122.474	331.15
122.858	332.15
123.242	333.15
123.626	334.15
124.009	335.15
124.393	336.15
124.777	337.15
125.16	338.15
125.543	339.15
125.926	340.15
126.309	341.15
126.692	342.15
127.075	343.15
127.458	344.15
127.84	345.15
128.223	346.15
128.605	347.15
128.987	348.15
129.37	349.15
129.752	350.15
130.133	351.15
130.515	352.15
130.897	353.15
131.278	354.15
131.66	355.15
132.041	356.15
132.422	357.15
132.803	358.15
133.184	359.15
133.565	360.15
133.946	361.15
134.326	362.15
134.707	363.15
135.087	364.15
135.468	365.15
135.848	366.15
136.228	367.15
136.608	368.15
136.987	369.15
137.367	370.15
137.747	371.15
138.126	372.15
138.505	373.15
138.885	374.15
139.264	375.15
139.643	376.15
140.022	377.15
140.4	378.15
140.779	379.15
141.158	380.15
141.536	381.15
141.914	382.15
142.293	383.15
142.671	384.15
143.049	385.15
143.426	386.15
143.804	387.15
144.182	388.15
144.559	389.15
144.937	390.15
145.314	391.15
145.691	392.15
146.068	393.15
146.445	394.15
146.822	395.15
147.198	396.15
147.575	397.15
147.951	398.15
148.328	399.15
148.704	400.15
149.08	401.15
149.456	402.15
149.832	403.15
150.208	404.15
150.583	405.15
150.959	406.15
151.334	407.15
151.71	408.15
152.085	409.15
152.46	410.15
152.835	411.15
153.21	412.15
153.584	413.15
153.959	414.15
154.333	415.15
154.708	416.15
155.082	417.15
155.456	418.15
155.83	419.15
156.204	420.15
156.578	421.15
156.952	422.15
157.325	423.15
157.699	424.15
158.072	425.15
158.445	426.15
158.818	427.15
159.191	428.15
159.564	429.15
159.937	430.15
160.309	431.15
160.682	432.15
161.054	433.15
161.427	434.15
161.799	435.15
162.171	436.15
162.543	437.15
162.915	438.15
163.286	439.15
163.658	440.15
164.03	441.15
164.401	442.15
164.772	443.15
165.143	444.15
165.514	445.15
165.885	446.15
166.256	447.15
166.627	448.15
166.997	449.15
167.368	450.15
167.738	451.15
168.108	452.15
168.478	453.15
168.848	454.15
169.218	455.15
169.588	456.15
169.958	457.15
170.327	458.15
170.696	459.15
171.066	460.15
171.435	461.15
171.804	462.15
172.173	463.15
172.542	464.15
172.91	465.15
173.279	466.15
173.648	467.15
174.016	468.15
174.384	469.15
174.752	470.15
175.12	471.15
175.488	472.15
175.856	473.15
176.224	474.15
176.591	475.15
176.959	476.15
177.326	477.15
177.693	478.15
178.06	479.15
178.427	480.15
178.794	481.15
179.161	482.15
179.528	483.15
179.894	484.15
180.26	485.15
180.627	486.15
180.993	487.15
181.359	488.15
181.725	489.15
182.091	490.15
182.456	491.15
182.822	492.15
183.188	493.15
183.553	494.15
183.918	495.15
184.283	496.15
184.648	497.15
185.013	498.15
185.378	499.15
185.743	500.15
186.107	501.15
186.472	502.15
186.836	503.15
187.2	504.15
187.564	505.15
187.928	506.15
188.292	507.15
188.656	508.15
189.019	509.15
189.383	510.15
189.746	511.15
190.11	512.15
190.473	513.15
190.836	514.15
191.199	515.15
191.562	516.15
191.924	517.15
192.287	518.15
192.649	519.15
193.012	520.15
193.374	521.15
193.736	522.15
194.098	523.15
194.46	524.15
194.822	525.15
195.183	526.15
195.545	527.15
195.906	528.15
196.268	529.15
196.629	530.15
196.99	531.15
197.351	532.15
197.712	533.15
198.073	534.15
198.433	535.15
198.794	536.15
199.154	537.15
199.514	538.15
199.875	539.15
200.235	540.15
200.595	541.15
200.954	542.15
201.314	543.15
201.674	544.15
202.033	545.15
202.393	546.15
202.752	547.15
203.111	548.15
203.47	549.15
203.829	550.15
204.188	551.15
204.546	552.15
204.905	553.15
205.263	554.15
205.622	555.15
205.98	556.15
206.338	557.15
206.696	558.15
207.054	559.15
207.411	560.15
207.769	561.15
208.127	562.15
208.484	563.15
208.841	564.15
209.198	565.15
209.555	566.15
209.912	567.15
210.269	568.15
210.626	569.15
210.982	570.15
211.339	571.15
211.695	572.15
212.052	573.15
212.408	574.15
212.764	575.15
213.12	576.15
213.475	577.15
213.831	578.15
214.187	579.15
214.542	580.15
214.897	581.15
215.252	582.15
215.608	583.15
215.962	584.15
216.317	585.15
216.672	586.15
217.027	587.15
217.381	588.15
217.736	589.15
218.09	590.15
218.444	591.15
218.798	592.15
219.152	593.15
219.506	594.15
219.86	595.15
220.213	596.15
220.567	597.15
220.92	598.15
221.273	599.15
221.626	600.15
221.979	601.15
222.332	602.15
222.685	603.15
223.038	604.15
223.39	605.15
223.743	606.15
224.095	607.15
224.447	608.15
224.799	609.15
225.151	610.15
225.503	611.15
225.855	612.15
226.206	613.15
226.558	614.15
226.909	615.15
227.26	616.15
227.612	617.15
227.963	618.15
228.314	619.15
228.664	620.15
229.015	621.15
229.366	622.15
229.716	623.15
230.066	624.15
230.417	625.15
230.767	626.15
231.117	627.15
231.467	628.15
231.816	629.15
232.166	630.15
232.516	631.15
232.865	632.15
233.214	633.15
233.564	634.15
233.913	635.15
234.262	636.15
234.61	637.15
234.959	638.15
235.308	639.15
235.656	640.15
236.005	641.15
236.353	642.15
236.701	643.15
237.049	644.15
237.397	645.15
237.745	646.15
238.093	647.15
238.44	648.15
238.788	649.15
239.135	650.15
239.482	651.15
239.829	652.15
240.176	653.15
240.523	654.15
240.87	655.15
241.217	656.15
241.563	657.15
241.91	658.15
242.256	659.15
242.602	660.15
242.948	661.15
243.294	662.15
243.64	663.15
243.986	664.15
244.331	665.15
244.677	666.15
245.022	667.15
245.367	668.15
245.713	669.15
246.058	670.15
246.403	671.15
246.747	672.15
247.092	673.15
247.437	674.15
247.781	675.15
248.125	676.15
248.47	677.15
248.814	678.15
249.158	679.15
249.502	680.15
249.845	681.15
250.189	682.15
250.533	683.15
250.876	684.15
251.219	685.15
251.562	686.15
251.906	687.15
252.248	688.15
252.591	689.15
252.934	690.15
253.277	691.15
253.619	692.15
253.962	693.15
254.304	694.15
254.646	695.15
254.988	696.15
255.33	697.15
255.672	698.15
256.013	699.15
256.355	700.15
256.696	701.15
257.038	702.15
257.379	703.15
257.72	704.15
258.061	705.15
258.402	706.15
258.743	707.15
259.083	708.15
259.424	709.15
259.764	710.15
260.105	711.15
260.445	712.15
260.785	713.15
261.125	714.15
261.465	715.15
261.804	716.15
262.144	717.15
262.483	718.15
262.823	719.15
263.162	720.15
263.501	721.15
263.84	722.15
264.179	723.15
264.518	724.15
264.857	725.15
265.195	726.15
265.534	727.15
265.872	728.15
266.21	729.15
266.548	730.15
266.886	731.15
267.224	732.15
267.562	733.15
267.9	734.15
268.237	735.15
268.574	736.15
268.912	737.15
269.249	738.15
269.586	739.15
269.923	740.15
270.26	741.15
270.597	742.15
270.933	743.15
271.27	744.15
271.606	745.15
271.942	746.15
272.278	747.15
272.614	748.15
272.95	749.15
273.286	750.15
273.622	751.15
273.957	752.15
274.293	753.15
274.628	754.15
274.963	755.15
275.298	756.15
275.633	757.15
275.968	758.15
276.303	759.15
276.638	760.15
276.972	761.15
277.307	762.15
277.641	763.15
277.975	764.15
278.309	765.15
278.643	766.15
278.977	767.15
279.311	768.15
279.644	769.15
279.978	770.15
280.311	771.15
280.644	772.15
280.978	773.15
281.311	774.15
281.643	775.15
281.976	776.15
282.309	777.15
282.641	778.15
282.974	779.15
283.306	780.15
283.638	781.15
283.971	782.15
284.303	783.15
284.634	784.15
284.966	785.15
285.298	786.15
285.629	787.15
285.961	788.15
286.292	789.15
286.623	790.15
286.954	791.15
287.285	792.15
287.616	793.15
287.947	794.15
288.277	795.15
288.608	796.15
288.938	797.15
289.268	798.15
289.599	799.15
289.929	800.15
290.258	801.15
290.588	802.15
290.918	803.15
291.247	804.15
291.577	805.15
291.906	806.15
292.235	807.15
292.565	808.15
292.894	809.15
293.222	810.15
293.551	811.15
293.88	812.15
294.208	813.15
294.537	814.15
294.865	815.15
295.193	816.15
295.521	817.15
295.849	818.15
296.177	819.15
296.505	820.15
296.832	821.15
297.16	822.15
297.487	823.15
297.814	824.15
298.142	825.15
298.469	826.15
298.795	827.15
299.122	828.15
299.449	829.15
299.775	830.15
300.102	831.15
300.428	832.15
300.754	833.15
301.08	834.15
301.406	835.15
301.732	836.15
302.058	837.15
302.384	838.15
302.709	839.15
303.035	840.15
303.36	841.15
303.685	842.15
304.01	843.15
304.335	844.15
304.66	845.15
304.985	846.15
305.309	847.15
305.634	848.15
305.958	849.15
306.282	850.15
306.606	851.15
306.93	852.15
307.254	853.15
307.578	854.15
307.902	855.15
308.225	856.15
308.549	857.15
308.872	858.15
309.195	859.15
309.518	860.15
309.841	861.15
310.164	862.15
310.487	863.15
310.81	864.15
311.132	865.15
311.454	866.15
311.777	867.15
312.099	868.15
312.421	869.15
312.743	870.15
313.065	871.15
313.386	872.15
313.708	873.15
314.029	874.15
314.351	875.15
314.672	876.15
314.993	877.15
315.314	878.15
315.635	879.15
315.956	880.15
316.277	881.15
316.597	882.15
316.918	883.15
317.238	884.15
317.558	885.15
317.878	886.15
318.198	887.15
318.518	888.15
318.838	889.15
319.157	890.15
319.477	891.15
319.796	892.15
320.115	893.15
320.435	894.15
320.754	895.15
321.073	896.15
321.391	897.15
321.71	898.15
322.029	899.15
322.347	900.15
322.666	901.15
322.984	902.15
323.302	903.15
323.62	904.15
323.938	905.15
324.256	906.15
324.573	907.15
324.891	908.15
325.208	909.15
325.526	910.15
325.843	911.15
326.16	912.15
326.477	913.15
326.794	914.15
327.11	915.15
327.427	916.15
327.744	917.15
328.06	918.15
328.376	919.15
328.692	920.15
329.008	921.15
329.324	922.15
329.64	923.15
329.956	924.15
330.271	925.15
330.587	926.15
330.902	927.15
331.217	928.15
331.533	929.15
331.848	930.15
332.162	931.15
332.477	932.15
332.792	933.15
333.106	934.15
333.421	935.15
333.735	936.15
334.049	937.15
334.363	938.15
334.677	939.15
334.991	940.15
335.305	941.15
335.619	942.15
335.932	943.15
336.246	944.15
336.559	945.15
336.872	946.15
337.185	947.15
337.498	948.15
337.811	949.15
338.123	950.15
338.436	951.15
338.748	952.15
339.061	953.15
339.373	954.15
339.685	955.15
339.997	956.15
340.309	957.15
340.621	958.15
340.932	959.15
341.244	960.15
341.555	961.15
341.867	962.15
342.178	963.15
342.489	964.15
342.8	965.15
343.111	966.15
343.422	967.15
343.732	968.15
344.043	969.15
344.353	970.15
344.663	971.15
344.973	972.15
345.284	973.15
345.593	974.15
345.903	975.15
346.213	976.15
346.522	977.15
346.832	978.15
347.141	979.15
347.451	980.15
347.76	981.15
348.069	982.15
348.378	983.15
348.686	984.15
348.995	985.15
349.303	986.15
349.612	987.15
349.92	988.15
350.228	989.15
350.536	990.15
350.844	991.15
351.152	992.15
351.46	993.15
351.768	994.15
352.075	995.15
352.382	996.15
352.69	997.15
352.997	998.15
353.304	999.15
353.611	1000.15
353.918	1001.15
354.224	1002.15
354.531	1003.15
354.837	1004.15
355.144	1005.15
355.45	1006.15
355.756	1007.15
356.062	1008.15
356.368	1009.15
356.674	1010.15
356.979	1011.15
357.285	1012.15
357.59	1013.15
357.896	1014.15
358.201	1015.15
358.506	1016.15
358.811	1017.15
359.116	1018.15
359.42	1019.15
359.725	1020.15
360.029	1021.15
360.334	1022.15
360.638	1023.15
360.942	1024.15
361.246	1025.15
361.55	1026.15
361.854	1027.15
362.158	1028.15
362.461	1029.15
362.765	1030.15
363.068	1031.15
363.371	1032.15
363.674	1033.15
363.977	1034.15
364.28	1035.15
364.583	1036.15
364.886	1037.15
365.188	1038.15
365.491	1039.15
365.793	1040.15
366.095	1041.15
366.397	1042.15
366.699	1043.15
367.001	1044.15
367.303	1045.15
367.604	1046.15
367.906	1047.15
368.207	1048.15
368.508	1049.15
368.81	1050.15
369.111	1051.15
369.412	1052.15
369.712	1053.15
370.013	1054.15
370.314	1055.15
370.614	1056.15
370.914	1057.15
371.215	1058.15
371.515	1059.15
371.815	1060.15
372.115	1061.15
372.414	1062.15
372.714	1063.15
373.013	1064.15
373.313	1065.15
373.612	1066.15
373.911	1067.15
374.21	1068.15
374.509	1069.15
374.808	1070.15
375.107	1071.15
375.406	1072.15
375.704	1073.15
376.002	1074.15
376.301	1075.15
376.599	1076.15
376.897	1077.15
377.195	1078.15
377.493	1079.15
377.79	1080.15
378.088	1081.15
378.385	1082.15
378.683	1083.15
378.98	1084.15
379.277	1085.15
379.574	1086.15
379.871	1087.15
380.167	1088.15
380.464	1089.15
380.761	1090.15
381.057	1091.15
381.353	1092.15
381.649	1093.15
381.946	1094.15
382.242	1095.15
382.537	1096.15
382.833	1097.15
383.129	1098.15
383.424	1099.15
383.72	1100.15
384.015	1101.15
384.31	1102.15
384.605	1103.15
384.9	1104.15
385.195	1105.15
385.489	1106.15
385.784	1107.15
386.078	1108.15
386.373	1109.15
386.667	1110.15
386.961	1111.15
387.255	1112.15
387.549	1113.15
387.843	1114.15
388.136	1115.15
388.43	1116.15
388.723	1117.15
389.016	1118.15
389.31	1119.15
389.603	1120.15
389.896	1121.15
390.188	1122.15
390.481	1123.15
